Figures S2-S4 of Shen et al. (2024): non-Coulomb effective pairwise interaction potentials (eV)										
"Na-Na, Na-Cl, Cl-Cl, and Na-Mg interactions are supplemented by a Coulomb interaction screened based on a dielectric constant of 71."										
Na-O interactions are supplemented by a Lennard-Jones 6-12 interaction potential with Epsilon = 0.0239 eV and Sigma = 3 Angstrom.										
"O-O interactions are supplemented by a Lennard-Jones 6-12 interaction potential with Epsilon = 0.1314 eV and Sigma = 3.46 Angstrom, as in Schaettle et al. (2018)."										
"Mg-O and Al-O interactions are represented by a Lennard-Jones 6-12 interaction potential with Epsilon = 0.1943 eV and Sigma = 3.22 Angstrom, as in Schaettle et al. (2018)."										
										
Distance(Angstrom)	Na-Na	Na-Cl	Cl-Cl	Na-Al	Na-Mg	Na-O	O-O	Al-Al	Al-Mg	Mg-Mg
0.015000	18.713594	14.729244	27.992056	6.207373	6.207373	0.006867	1.115650	1.447800	1.447800	1.447800
0.045000	18.687057	14.719316	27.979613	6.184162	6.184162	0.006767	1.106697	1.440200	1.440200	1.440200
0.075000	18.647179	14.704135	27.960621	6.143465	6.143465	0.006767	1.097306	1.432620	1.432620	1.432620
0.105000	18.589599	14.681740	27.932668	6.089558	6.089558	0.006752	1.087489	1.425060	1.425060	1.425060
0.135000	18.511431	14.650531	27.893824	6.030950	6.030950	0.006740	1.077263	1.417520	1.417520	1.417520
0.165000	18.412216	14.609652	27.843124	5.971209	5.971209	0.006728	1.066644	1.410000	1.410000	1.410000
0.195000	18.292423	14.558478	27.779918	5.911530	5.911530	0.006717	1.055648	1.402500	1.402500	1.402500
0.225000	18.156048	14.497725	27.705255	5.852130	5.852130	0.006707	1.044297	1.395020	1.395020	1.395020
0.255000	18.005281	14.427429	27.619348	5.793030	5.793030	0.006698	1.032608	1.387560	1.387560	1.387560
0.285000	17.842501	14.347757	27.522590	5.734230	5.734230	0.006689	1.020604	1.380120	1.380120	1.380120
0.315000	17.670004	14.258951	27.415473	5.675730	5.675730	0.006680	1.008305	1.372700	1.372700	1.372700
0.345000	17.489864	14.161298	27.298548	5.617530	5.617530	0.006673	0.995736	1.365300	1.365300	1.365300
0.375000	17.303874	14.055126	27.172411	5.559630	5.559630	0.006666	0.982918	1.357920	1.357920	1.357920
0.405000	17.113520	13.940792	27.037686	5.502030	5.502030	0.006659	0.969875	1.350560	1.350560	1.350560
0.435000	16.920001	13.818684	26.895020	5.444730	5.444730	0.006653	0.957663	1.343220	1.343220	1.343220
0.465000	16.724248	13.689213	26.745067	5.387730	5.387730	0.006648	0.947700	1.335900	1.335900	1.335900
0.495000	16.526961	13.552806	26.588483	5.331030	5.331030	0.006643	0.937790	1.328600	1.328600	1.328600
0.525000	16.328650	13.409900	26.425907	5.274630	5.274630	0.006638	0.927933	1.321320	1.321320	1.321320
0.555000	16.129674	13.260941	26.257961	5.218530	5.218530	0.006634	0.918128	1.314060	1.314060	1.314060
0.585000	15.930278	13.106372	26.085240	5.162730	5.162730	0.006630	0.908375	1.306820	1.306820	1.306820
0.615000	15.730625	12.946633	25.908305	5.107230	5.107230	0.006627	0.898675	1.299600	1.299600	1.299600
0.645000	15.530818	12.782156	25.727680	5.052030	5.052030	0.006624	0.889028	1.292400	1.292400	1.292400
0.675000	15.330923	12.613360	25.543848	4.997130	4.997130	0.006622	0.879433	1.285220	1.285220	1.285220
0.705000	15.130979	12.440646	25.357251	4.942530	4.942530	0.006619	0.869890	1.278060	1.278060	1.278060
0.735000	14.931007	12.264400	25.168287	4.888230	4.888230	0.006618	0.860400	1.270920	1.270920	1.270920
0.765000	14.731021	12.084986	24.977314	4.834230	4.834230	0.006616	0.850963	1.263800	1.263800	1.263800
0.795000	14.531028	11.902744	24.784647	4.780530	4.780530	0.006615	0.841578	1.256700	1.256700	1.256700
0.825000	14.331031	11.717994	24.590565	4.727130	4.727130	0.006614	0.832245	1.249620	1.249620	1.249620
0.855000	14.131032	11.531029	24.395307	4.674030	4.674030	0.006614	0.822965	1.242560	1.242560	1.242560
0.885000	13.931033	11.342120	24.199081	4.621230	4.621230	0.006614	0.813738	1.235520	1.235520	1.235520
0.915000	13.731033	11.151514	24.002064	4.568730	4.568730	0.006615	0.804563	1.228500	1.228500	1.228500
0.945000	13.531033	10.959432	23.804406	4.516530	4.516530	0.006616	0.795440	1.221500	1.221500	1.221500
0.975000	13.331033	10.766077	23.606231	4.464630	4.464630	0.006618	0.786370	1.214520	1.214520	1.214520
1.005000	13.131033	10.571628	23.407644	4.413030	4.413030	0.006620	0.777353	1.207560	1.207560	1.207560
1.035000	12.931033	10.376244	23.208730	4.361730	4.361730	0.006623	0.768388	1.200620	1.200620	1.200620
1.065000	12.731033	10.180066	23.009559	4.310730	4.310730	0.006627	0.759475	1.193700	1.193700	1.193700
1.095000	12.531033	9.983218	22.810187	4.260030	4.260030	0.006633	0.750615	1.186800	1.186800	1.186800
1.125000	12.331033	9.785807	22.610659	4.209630	4.209630	0.006639	0.741808	1.179920	1.179920	1.179920
1.155000	12.131033	9.587928	22.411012	4.159530	4.159530	0.006646	0.733053	1.173060	1.173060	1.173060
1.185000	11.931033	9.389663	22.211274	4.109730	4.109730	0.006655	0.724350	1.166220	1.166220	1.166220
1.215000	11.731033	9.191081	22.011467	4.060230	4.060230	0.006666	0.715700	1.159400	1.159400	1.159400
1.245000	11.531033	8.992244	21.811608	4.011030	4.011030	0.006679	0.707102	1.152600	1.152600	1.152600
1.275000	11.331033	8.793204	21.611710	3.962130	3.962130	0.006695	0.698558	1.145820	1.145820	1.145820
1.305000	11.131033	8.594006	21.411784	3.913530	3.913530	0.006712	0.690065	1.139060	1.139060	1.139060
1.335000	10.931033	8.394691	21.211836	3.865230	3.865230	0.006734	0.681625	1.132320	1.132320	1.132320
1.365000	10.731033	8.195294	21.011874	3.817230	3.817230	0.006758	0.673238	1.125600	1.125600	1.125600
1.395000	10.531033	7.995847	20.811900	3.769530	3.769530	0.006786	0.664903	1.118900	1.118900	1.118900
1.425000	10.331033	7.796379	20.611918	3.722130	3.722130	0.006819	0.656620	1.112220	1.112220	1.112220
1.455000	10.131033	7.596917	20.411931	3.675030	3.675030	0.006856	0.648390	1.105560	1.105560	1.105560
1.485000	9.931033	7.397488	20.211940	3.628230	3.628230	0.006899	0.640213	1.098920	1.098920	1.098920
1.515000	9.731033	7.198119	20.011946	3.581730	3.581730	0.006948	0.632088	1.092300	1.092300	1.092300
1.545000	9.531033	6.998837	19.811950	3.535530	3.535530	0.007003	0.624015	1.085700	1.085700	1.085700
1.575000	9.331033	6.799668	19.611953	3.489630	3.489630	0.007065	0.615995	1.079120	1.079120	1.079120
1.605000	9.131033	6.600641	19.411955	3.444030	3.444030	0.007134	0.608028	1.072560	1.072560	1.072560
1.635000	8.931033	6.401788	19.211956	3.398730	3.398730	0.007212	0.600113	1.066020	1.066020	1.066020
1.665000	8.731033	6.203140	19.011957	3.353730	3.353730	0.007298	0.592250	1.059500	1.059500	1.059500
1.695000	8.531033	6.004730	18.811957	3.309030	3.309030	0.007393	0.584440	1.053000	1.053000	1.053000
1.725000	8.331033	5.806593	18.611958	3.264630	3.264630	0.007498	0.576683	1.046520	1.046520	1.046520
1.755000	8.131033	5.608766	18.411958	3.220530	3.220530	0.007613	0.568978	1.040060	1.040060	1.040060
1.785000	7.931033	5.411285	18.211958	3.176730	3.176730	0.007738	0.561325	1.033620	1.033620	1.033620
1.815000	7.731033	5.214187	18.011958	3.133230	3.133230	0.007874	0.553725	1.027200	1.027200	1.027200
1.845000	7.531033	5.017505	17.811958	3.090030	3.090030	0.008020	0.546178	1.020800	1.020800	1.020800
1.875000	7.331033	4.821274	17.611958	3.047130	3.047130	0.008178	0.538683	1.014420	1.014420	1.014420
1.905000	7.131033	4.625519	17.411958	3.004530	3.004530	0.008346	0.531240	1.008060	1.008060	1.008060
1.935000	6.931033	4.430263	17.211958	2.962230	2.962230	0.008525	0.523850	1.001720	1.001720	1.001720
1.965000	6.731033	4.235516	17.011958	2.920230	2.920230	0.008715	0.516513	0.995400	0.995400	0.995400
1.995000	6.531033	4.041279	16.811958	2.878530	2.878530	0.008915	0.509228	0.989100	0.989100	0.989100
2.025000	6.331033	3.847532	16.611958	2.837130	2.837130	0.009124	0.501995	0.982820	0.982820	0.982820
2.055000	6.131033	3.654239	16.411958	2.796030	2.796030	0.009342	0.494815	0.976560	0.976560	0.976560
2.085000	5.931033	3.461337	16.211958	2.755230	2.755230	0.009569	0.487688	0.970320	0.970320	0.970320
2.115000	5.731032	3.268736	16.011958	2.714730	2.714730	0.009803	0.480613	0.964100	0.964100	0.964100
2.145000	5.531030	3.076315	15.811958	2.674530	2.674530	0.010044	0.473590	0.957900	0.957900	0.957900
2.175000	5.331026	2.883919	15.611958	2.634630	2.634630	0.010290	0.466620	0.951720	0.951720	0.951720
2.205000	5.131016	2.691360	15.411958	2.595030	2.595030	0.010541	0.459703	0.945560	0.945560	0.945560
2.235000	4.930998	2.498423	15.211958	2.555730	2.555730	0.010796	0.452838	0.939420	0.939420	0.939420
2.265000	4.730961	2.304848	15.011957	2.516730	2.516730	0.011053	0.446025	0.933300	0.933300	0.933300
2.295000	4.530892	2.110351	14.811957	2.478030	2.478030	0.011311	0.439265	0.927200	0.927200	0.927200
2.325000	4.330766	1.914666	14.611956	2.439630	2.439630	0.011571	0.432558	0.921120	0.921120	0.921120
2.355000	4.130542	1.717694	14.411955	2.401530	2.401530	0.011830	0.425903	0.915060	0.915060	0.915060
2.385000	3.930156	1.517402	14.211953	2.363730	2.363730	0.012089	0.419300	0.909020	0.909020	0.909020
2.415000	3.729512	1.314736	14.011950	2.326230	2.326230	0.012346	0.412750	0.903000	0.903000	0.903000
2.445000	3.528464	1.110910	13.811946	2.289030	2.289030	0.012603	0.406253	0.897000	0.897000	0.897000
2.475000	3.326810	0.910177	13.611939	2.252130	2.252130	0.012858	0.399808	0.891020	0.891020	0.891020
2.505000	3.124268	0.719798	13.411929	2.215530	2.215530	0.013112	0.393415	0.885060	0.885060	0.885060
2.535000	2.920465	0.547581	13.211915	2.179230	2.179230	0.013366	0.387075	0.879120	0.879120	0.879120
2.565000	2.714927	0.398616	13.011894	2.143230	2.143230	0.013621	0.380788	0.873200	0.873200	0.873200
2.595000	2.507065	0.274272	12.811862	2.107530	2.107530	0.013877	0.374553	0.867300	0.867300	0.867300
2.625000	2.296195	0.173649	12.611817	2.072130	2.072130	0.014137	0.368370	0.861420	0.861420	0.861420
2.655000	2.081611	0.095233	12.411753	2.037030	2.037030	0.014402	0.362240	0.855560	0.855560	0.855560
2.685000	1.862404	0.037557	12.211660	2.002230	2.002230	0.014677	0.356163	0.849720	0.849720	0.849720
2.715000	1.637393	-0.001838	12.011529	1.967730	1.967730	0.014966	0.350138	0.843900	0.843900	0.843900
2.745000	1.406153	-0.025312	11.811346	1.933530	1.933530	0.015269	0.344165	0.838100	0.838100	0.838100
2.775000	1.170114	-0.035813	11.611090	1.899630	1.899630	0.015590	0.338245	0.832320	0.832320	0.832320
2.805000	0.935351	-0.036480	11.410736	1.866030	1.866030	0.015933	0.332378	0.826560	0.826560	0.826560
2.835000	0.711687	-0.030406	11.210249	1.832730	1.832730	0.016298	0.326563	0.820820	0.820820	0.820820
2.865000	0.512054	-0.020427	11.009585	1.799730	1.799730	0.016691	0.320800	0.815100	0.815100	0.815100
2.895000	0.347954	-0.008970	10.808687	1.767030	1.767030	0.017116	0.315090	0.809400	0.809400	0.809400
2.925000	0.224910	0.002078	10.607478	1.734630	1.734630	0.017578	0.309433	0.803720	0.803720	0.803720
2.955000	0.141065	0.011454	10.405864	1.702530	1.702530	0.018078	0.303828	0.798060	0.798060	0.798060
2.985000	0.089424	0.018538	10.203724	1.670730	1.670730	0.018624	0.298275	0.792420	0.792420	0.792420
3.015000	0.061264	0.023303	10.000905	1.639230	1.639230	0.019226	0.292775	0.786800	0.786800	0.786800
3.045000	0.048369	0.026173	9.797219	1.608030	1.608030	0.019892	0.287328	0.781200	0.781200	0.781200
3.075000	0.044039	0.027844	9.592431	1.577130	1.577130	0.020637	0.281933	0.775620	0.775620	0.775620
3.105000	0.043178	0.029091	9.386253	1.546530	1.546530	0.021454	0.276590	0.770060	0.770060	0.770060
3.135000	0.042622	0.030582	9.178337	1.516230	1.516230	0.022304	0.271300	0.764520	0.764520	0.764520
3.165000	0.040511	0.032772	8.968262	1.486230	1.486230	0.023150	0.266063	0.759000	0.759000	0.759000
3.195000	0.036174	0.035852	8.755524	1.456530	1.456530	0.023981	0.260878	0.753500	0.753500	0.753500
3.225000	0.029772	0.039780	8.539527	1.427130	1.427130	0.024848	0.255745	0.748020	0.748020	0.748020
3.255000	0.021925	0.044340	8.319571	1.398030	1.398030	0.025915	0.250665	0.742560	0.742560	0.742560
3.285000	0.013420	0.049228	8.094842	1.369230	1.369230	0.027479	0.245638	0.737120	0.737120	0.737120
3.315000	0.004991	0.054128	7.864404	1.340730	1.340730	0.029778	0.240663	0.731700	0.731700	0.731700
3.345000	-0.002796	0.058778	7.627188	1.312530	1.312530	0.032701	0.235740	0.726300	0.726300	0.726300
3.375000	-0.009584	0.062994	7.381989	1.284630	1.284630	0.035776	0.230870	0.720920	0.720920	0.720920
3.405000	-0.015213	0.066679	7.127463	1.257030	1.257030	0.038555	0.226053	0.715560	0.715560	0.715560
3.435000	-0.019678	0.069828	6.862129	1.229730	1.229730	0.040853	0.221288	0.710220	0.710220	0.710220
3.465000	-0.023089	0.072477	6.584372	1.202730	1.202730	0.042628	0.216575	0.704900	0.704900	0.704900
3.495000	-0.025625	0.074672	6.292467	1.176030	1.176030	0.043883	0.211915	0.699600	0.699600	0.699600
3.525000	-0.027500	0.076449	5.984574	1.149630	1.149630	0.044694	0.207308	0.694320	0.694320	0.694320
3.555000	-0.028923	0.077823	5.658770	1.123530	1.123530	0.045176	0.202753	0.689060	0.689060	0.689060
3.585000	-0.030068	0.078788	5.313131	1.097730	1.097730	0.045408	0.198250	0.683820	0.683820	0.683820
3.615000	-0.031055	0.079356	4.945942	1.072230	1.072230	0.045435	0.193800	0.678600	0.678600	0.678600
3.645000	-0.031937	0.079549	4.554489	1.047030	1.047030	0.045288	0.189403	0.673400	0.673400	0.673400
3.675000	-0.032719	0.079404	4.137310	1.022130	1.022130	0.044985	0.185058	0.668220	0.668220	0.668220
3.705000	-0.033370	0.078950	3.694901	0.997530	0.997530	0.044587	0.180765	0.663060	0.663060	0.663060
3.735000	-0.033852	0.078208	3.231225	0.973230	0.973230	0.044169	0.176525	0.657920	0.657920	0.657920
3.765000	-0.034130	0.077186	2.756167	0.949230	0.949230	0.043768	0.172338	0.652800	0.652800	0.652800
3.795000	-0.034187	0.075876	2.284696	0.925530	0.925530	0.043365	0.168203	0.647700	0.647700	0.647700
3.825000	-0.034014	0.074273	1.833196	0.902130	0.902130	0.042907	0.164120	0.642620	0.642620	0.642620
3.855000	-0.033609	0.072395	1.419549	0.879030	0.879030	0.042337	0.160090	0.637560	0.637560	0.637560
3.885000	-0.032971	0.070287	1.057416	0.856230	0.856230	0.041630	0.156113	0.632520	0.632520	0.632520
3.915000	-0.032099	0.067993	0.757203	0.833730	0.833730	0.040798	0.152188	0.627500	0.627500	0.627500
3.945000	-0.030991	0.065538	0.524278	0.811530	0.811530	0.039850	0.148315	0.622500	0.622500	0.622500
3.975000	-0.029656	0.062913	0.356422	0.789630	0.789630	0.038782	0.144495	0.617520	0.617520	0.617520
4.005000	-0.028114	0.060109	0.244145	0.768030	0.768030	0.037610	0.140728	0.612560	0.612560	0.612560
4.035000	-0.026404	0.057131	0.173847	0.746730	0.746730	0.036363	0.137013	0.607620	0.607620	0.607620
4.065000	-0.024584	0.054015	0.132161	0.725730	0.725730	0.035058	0.133350	0.602700	0.602700	0.602700
4.095000	-0.022724	0.050808	0.108670	0.705030	0.705030	0.033699	0.129740	0.597800	0.597800	0.597800
4.125000	-0.020902	0.047547	0.096058	0.684630	0.684630	0.032281	0.126183	0.592920	0.592920	0.592920
4.155000	-0.019184	0.044242	0.088991	0.664530	0.664530	0.030797	0.122678	0.588060	0.588060	0.588060
4.185000	-0.017610	0.040893	0.084498	0.644730	0.644730	0.029262	0.119225	0.583220	0.583220	0.583220
4.215000	-0.016188	0.037505	0.080663	0.625230	0.625230	0.027695	0.115825	0.578400	0.578400	0.578400
4.245000	-0.014898	0.034097	0.076576	0.606030	0.606030	0.026076	0.112478	0.573600	0.573600	0.573600
4.275000	-0.013706	0.030711	0.072017	0.587130	0.587130	0.024311	0.109183	0.568820	0.568820	0.568820
4.305000	-0.012579	0.027399	0.067139	0.568530	0.568530	0.022356	0.105940	0.564060	0.564060	0.564060
4.335000	-0.011498	0.024216	0.062220	0.550230	0.550230	0.020255	0.102750	0.559320	0.559320	0.559320
4.365000	-0.010456	0.021198	0.057424	0.532230	0.532230	0.018085	0.099613	0.554600	0.554600	0.554600
4.395000	-0.009454	0.018359	0.052812	0.514530	0.514530	0.015885	0.096528	0.549900	0.549900	0.549900
4.425000	-0.008486	0.015699	0.048380	0.497130	0.497130	0.013691	0.093495	0.545220	0.545220	0.545220
4.455000	-0.007534	0.013208	0.044084	0.480030	0.480030	0.011576	0.090515	0.540560	0.540560	0.540560
4.485000	-0.006571	0.010873	0.039877	0.463230	0.463230	0.009616	0.087588	0.535920	0.535920	0.535920
4.515000	-0.005565	0.008686	0.035734	0.446730	0.446730	0.007738	0.084713	0.531300	0.531300	0.531300
4.545000	-0.004492	0.006649	0.031656	0.430530	0.430530	0.005793	0.081890	0.526700	0.526700	0.526700
4.575000	-0.003339	0.004770	0.027663	0.414630	0.414630	0.003830	0.079120	0.522120	0.522120	0.522120
4.605000	-0.002111	0.003058	0.023768	0.399030	0.399030	0.001938	0.076403	0.517560	0.517560	0.517560
4.635000	-0.000827	0.001521	0.019952	0.383730	0.383730	0.000109	0.073738	0.513020	0.513020	0.513020
4.665000	0.000483	0.000159	0.016183	0.368730	0.368730	-0.001599	0.071125	0.508500	0.508500	0.508500
4.695000	0.001782	-0.001037	0.012454	0.354030	0.354030	-0.003088	0.068565	0.504000	0.504000	0.504000
4.725000	0.003030	-0.002081	0.008790	0.339630	0.339630	-0.004356	0.066058	0.499520	0.499520	0.499520
4.755000	0.004186	-0.002988	0.005239	0.325530	0.325530	-0.005432	0.063603	0.495060	0.495060	0.495060
4.785000	0.005212	-0.003769	0.001865	0.311730	0.311730	-0.006336	0.061200	0.490620	0.490620	0.490620
4.815000	0.006080	-0.004438	-0.001266	0.298230	0.298230	-0.007001	0.058850	0.486200	0.486200	0.486200
4.845000	0.006768	-0.005016	-0.004108	0.285030	0.285030	-0.007307	0.056553	0.481800	0.481800	0.481800
4.875000	0.007269	-0.005521	-0.006648	0.272130	0.272130	-0.007280	0.054308	0.477420	0.477420	0.477420
4.905000	0.007592	-0.005972	-0.008901	0.259530	0.259530	-0.007055	0.052115	0.473060	0.473060	0.473060
4.935000	0.007758	-0.006382	-0.010901	0.247230	0.247230	-0.006664	0.049975	0.468720	0.468720	0.468720
4.965000	0.007803	-0.006762	-0.012675	0.235230	0.235230	-0.006087	0.047888	0.464400	0.464400	0.464400
4.995000	0.007764	-0.007122	-0.014235	0.223530	0.223530	-0.005355	0.045853	0.460100	0.460100	0.460100
5.025000	0.007672	-0.007469	-0.015585	0.212130	0.212130	-0.004489	0.043870	0.455820	0.455820	0.455820
5.055000	0.007540	-0.007799	-0.016723	0.201030	0.201030	-0.003512	0.041940	0.451560	0.451560	0.451560
5.085000	0.007364	-0.008102	-0.017654	0.190230	0.190230	-0.002437	0.040063	0.447320	0.447320	0.447320
5.115000	0.007120	-0.008362	-0.018381	0.179730	0.179730	-0.001332	0.038238	0.443100	0.443100	0.443100
5.145000	0.006781	-0.008564	-0.018902	0.169530	0.169530	-0.000307	0.036465	0.438900	0.438900	0.438900
5.175000	0.006322	-0.008698	-0.019224	0.159630	0.159630	0.000652	0.034745	0.434720	0.434720	0.434720
5.205000	0.005734	-0.008758	-0.019363	0.150030	0.150030	0.001561	0.033078	0.430560	0.430560	0.430560
5.235000	0.005023	-0.008734	-0.019346	0.140730	0.140730	0.002288	0.031463	0.426420	0.426420	0.426420
5.265000	0.004211	-0.008615	-0.019206	0.131730	0.131730	0.002800	0.029900	0.422300	0.422300	0.422300
5.295000	0.003330	-0.008389	-0.018959	0.123030	0.123030	0.003143	0.028390	0.418200	0.418200	0.418200
5.325000	0.002414	-0.008044	-0.018607	0.114630	0.114630	0.003321	0.026933	0.414120	0.414120	0.414120
5.355000	0.001498	-0.007577	-0.018151	0.106530	0.106530	0.003368	0.025528	0.410060	0.410060	0.410060
5.385000	0.000608	-0.006993	-0.017594	0.098730	0.098730	0.003306	0.024175	0.406020	0.406020	0.406020
5.415000	-0.000237	-0.006298	-0.016944	0.091230	0.091230	0.003173	0.022875	0.402000	0.402000	0.402000
5.445000	-0.001030	-0.005505	-0.016212	0.084030	0.084030	0.003009	0.021628	0.398000	0.398000	0.398000
5.475000	-0.001777	-0.004622	-0.015399	0.077130	0.077130	0.002797	0.020433	0.394020	0.394020	0.394020
5.505000	-0.002491	-0.003662	-0.014504	0.070530	0.070530	0.002505	0.019290	0.390060	0.390060	0.390060
5.535000	-0.003191	-0.002636	-0.013523	0.064230	0.064230	0.002184	0.018200	0.386120	0.386120	0.386120
5.565000	-0.003893	-0.001553	-0.012460	0.058230	0.058230	0.001881	0.017163	0.382200	0.382200	0.382200
5.595000	-0.004602	-0.000425	-0.011326	0.052530	0.052530	0.001610	0.016178	0.378300	0.378300	0.378300
5.625000	-0.005313	0.000736	-0.010145	0.047130	0.047130	0.001390	0.015245	0.374420	0.374420	0.374420
5.655000	-0.006010	0.001916	-0.008954	0.042030	0.042030	0.001221	0.014365	0.370560	0.370560	0.370560
5.685000	-0.006674	0.003091	-0.007780	0.037230	0.037230	0.001090	0.013538	0.366720	0.366720	0.366720
5.715000	-0.007292	0.004230	-0.006632	0.032730	0.032730	0.001014	0.012763	0.362900	0.362900	0.362900
5.745000	-0.007857	0.005300	-0.005493	0.028530	0.028530	0.001051	0.012040	0.359100	0.359100	0.359100
5.775000	-0.008372	0.006274	-0.004342	0.024630	0.024630	0.001227	0.011370	0.355320	0.355320	0.355320
5.805000	-0.008844	0.007136	-0.003170	0.021030	0.021030	0.001512	0.010753	0.351560	0.351560	0.351560
5.835000	-0.009281	0.007883	-0.001980	0.017730	0.017730	0.001841	0.010188	0.347820	0.347820	0.347820
5.865000	-0.009686	0.008519	-0.000784	0.014730	0.014730	0.002188	0.009675	0.344100	0.344100	0.344100
5.895000	-0.010058	0.009050	0.000404	0.012030	0.012030	0.002565	0.009215	0.340400	0.340400	0.340400
5.925000	-0.010393	0.009479	0.001575	0.009630	0.009630	0.002955	0.008808	0.336720	0.336720	0.336720
5.955000	-0.010683	0.009805	0.002720	0.007530	0.007530	0.003314	0.008453	0.333060	0.333060	0.333060
5.985000	-0.010926	0.010027	0.003812	0.005730	0.005730	0.003673	0.008150	0.329420	0.329420	0.329420
6.015000	-0.011125	0.010146	0.004824	0.004230	0.004230	0.004014	0.007900	0.325800	0.325800	0.325800
6.045000	-0.011282	0.010169	0.005748	0.003029	0.003029	0.004281	0.007703	0.322200	0.322200	0.322200
6.075000	-0.011402	0.010112	0.006586	0.002123	0.002123	0.004481	0.007508	0.318620	0.318620	0.318620
6.105000	-0.011486	0.009987	0.007338	0.001499	0.001499	0.004636	0.007315	0.315060	0.315060	0.315060
6.135000	-0.011533	0.009798	0.008007	0.001126	0.001126	0.004770	0.007125	0.311520	0.311520	0.311520
6.165000	-0.011541	0.009543	0.008599	0.000954	0.000954	0.004869	0.006938	0.308000	0.308000	0.308000
6.195000	-0.011505	0.009218	0.009118	0.000920	0.000920	0.004900	0.006753	0.304500	0.304500	0.304500
6.225000	-0.011423	0.008824	0.009568	0.000964	0.000964	0.004833	0.006570	0.301020	0.301020	0.301020
6.255000	-0.011296	0.008368	0.009968	0.001038	0.001038	0.004688	0.006390	0.297560	0.297560	0.297560
6.285000	-0.011127	0.007870	0.010322	0.001110	0.001110	0.004484	0.006213	0.294120	0.294120	0.294120
6.315000	-0.010919	0.007352	0.010622	0.001159	0.001159	0.004246	0.006038	0.290700	0.290700	0.290700
6.345000	-0.010678	0.006832	0.010850	0.001172	0.001172	0.004002	0.005865	0.287300	0.287300	0.287300
6.375000	-0.010406	0.006325	0.010990	0.001143	0.001143	0.003758	0.005695	0.283920	0.283920	0.283920
6.405000	-0.010106	0.005837	0.011026	0.001071	0.001071	0.003503	0.005528	0.280560	0.280560	0.280560
6.435000	-0.009778	0.005369	0.010941	0.000955	0.000955	0.003232	0.005363	0.277220	0.277220	0.277220
6.465000	-0.009420	0.004916	0.010742	0.000799	0.000799	0.002940	0.005200	0.273900	0.273900	0.273900
6.495000	-0.009031	0.004469	0.010446	0.000614	0.000614	0.002620	0.005040	0.270600	0.270600	0.270600
6.525000	-0.008612	0.004021	0.010068	0.000419	0.000419	0.002264	0.004883	0.267320	0.267320	0.267320
6.555000	-0.008165	0.003567	0.009635	0.000235	0.000235	0.001861	0.004728	0.264060	0.264060	0.264060
6.585000	-0.007699	0.003104	0.009176	0.000089	0.000089	0.001457	0.004575	0.260820	0.260820	0.260820
6.615000	-0.007223	0.002635	0.008707	0.000000	0.000000	0.001083	0.004425	0.257600	0.257600	0.257600
6.645000	-0.006746	0.002173	0.008232	0.000000	0.000000	0.000744	0.004278	0.254400	0.254400	0.254400
6.675000	-0.006273	0.001738	0.007741	0.000000	0.000000	0.000463	0.004133	0.251220	0.251220	0.251220
6.705000	-0.005803	0.001346	0.007219	0.000000	0.000000	0.000255	0.003990	0.248060	0.248060	0.248060
6.735000	-0.005336	0.001005	0.006657	0.000000	0.000000	0.000096	0.003850	0.244920	0.244920	0.244920
6.765000	-0.004870	0.000713	0.006059	0.000000	0.000000	-0.000057	0.003713	0.241800	0.241800	0.241800
6.795000	-0.004410	0.000461	0.005451	0.000000	0.000000	-0.000178	0.003578	0.238700	0.238700	0.238700
6.825000	-0.003963	0.000238	0.004854	0.000000	0.000000	-0.000226	0.003445	0.235620	0.235620	0.235620
6.855000	-0.003535	0.000031	0.004273	0.000000	0.000000	-0.000219	0.003315	0.232560	0.232560	0.232560
6.885000	-0.003129	-0.000168	0.003703	0.000000	0.000000	-0.000183	0.003188	0.229520	0.229520	0.229520
6.915000	-0.002743	-0.000364	0.003132	0.000000	0.000000	-0.000122	0.003063	0.226500	0.226500	0.226500
6.945000	-0.002373	-0.000557	0.002554	0.000000	0.000000	-0.000087	0.002940	0.223500	0.223500	0.223500
6.975000	-0.002019	-0.000742	0.001967	0.000000	0.000000	-0.000092	0.002820	0.220520	0.220520	0.220520
7.005000	-0.001684	-0.000913	0.001380	0.000000	0.000000	-0.000080	0.002703	0.217560	0.217560	0.217560
7.035000	-0.001371	-0.001069	0.000794	0.000000	0.000000	-0.000039	0.002588	0.214620	0.214620	0.214620
7.065000	-0.001087	-0.001208	0.000210	0.000000	0.000000	-0.000010	0.002475	0.211700	0.211700	0.211700
7.095000	-0.000834	-0.001324	-0.000376	0.000000	0.000000	-0.000002	0.002365	0.208800	0.208800	0.208800
7.125000	-0.000618	-0.001414	-0.000966	0.000000	0.000000	0.000011	0.002258	0.205920	0.205920	0.205920
7.155000	-0.000439	-0.001473	-0.001554	0.000000	0.000000	0.000069	0.002153	0.203060	0.203060	0.203060
7.185000	-0.000301	-0.001500	-0.002127	0.000000	0.000000	0.000190	0.002050	0.200220	0.200220	0.200220
7.215000	-0.000202	-0.001500	-0.002667	0.000000	0.000000	0.000296	0.001950	0.197400	0.197400	0.197400
7.245000	-0.000141	-0.001483	-0.003159	0.000000	0.000000	0.000298	0.001853	0.194600	0.194600	0.194600
7.275000	-0.000115	-0.001461	-0.003592	0.000000	0.000000	0.000219	0.001758	0.191820	0.191820	0.191820
7.305000	-0.000122	-0.001442	-0.003964	0.000000	0.000000	0.000113	0.001665	0.189060	0.189060	0.189060
7.335000	-0.000160	-0.001427	-0.004281	0.000000	0.000000	0.000033	0.001575	0.186320	0.186320	0.186320
7.365000	-0.000230	-0.001405	-0.004548	0.000000	0.000000	-0.000012	0.001488	0.183600	0.183600	0.183600
7.395000	-0.000328	-0.001367	-0.004774	0.000000	0.000000	-0.000075	0.001403	0.180900	0.180900	0.180900
7.425000	-0.000451	-0.001302	-0.004972	0.000000	0.000000	-0.000180	0.001320	0.178220	0.178220	0.178220
7.455000	-0.000595	-0.001202	-0.005162	0.000000	0.000000	-0.000278	0.001240	0.175560	0.175560	0.175560
7.485000	-0.000755	-0.001069	-0.005360	0.000000	0.000000	-0.000334	0.001163	0.172920	0.172920	0.172920
7.515000	-0.000924	-0.000914	-0.005579	0.000000	0.000000	-0.000343	0.001088	0.170300	0.170300	0.170300
7.545000	-0.001100	-0.000755	-0.005819	0.000000	0.000000	-0.000318	0.001015	0.167700	0.167700	0.167700
7.575000	-0.001281	-0.000602	-0.006070	0.000000	0.000000	-0.000299	0.000945	0.165120	0.165120	0.165120
7.605000	-0.001466	-0.000456	-0.006310	0.000000	0.000000	-0.000321	0.000878	0.162560	0.162560	0.162560
7.635000	-0.001657	-0.000309	-0.006520	0.000000	0.000000	-0.000362	0.000813	0.160020	0.160020	0.160020
7.665000	-0.001853	-0.000153	-0.006682	0.000000	0.000000	-0.000408	0.000750	0.157500	0.157500	0.157500
7.695000	-0.002050	0.000014	-0.006784	0.000000	0.000000	-0.000459	0.000690	0.155000	0.155000	0.155000
7.725000	-0.002244	0.000189	-0.006821	0.000000	0.000000	-0.000502	0.000633	0.152520	0.152520	0.152520
7.755000	-0.002428	0.000369	-0.006790	0.000000	0.000000	-0.000520	0.000577	0.150060	0.150060	0.150060
7.785000	-0.002599	0.000551	-0.006703	0.000000	0.000000	-0.000518	0.000525	0.147620	0.147620	0.147620
7.815000	-0.002754	0.000734	-0.006575	0.000000	0.000000	-0.000495	0.000475	0.145200	0.145200	0.145200
7.845000	-0.002898	0.000913	-0.006429	0.000000	0.000000	-0.000439	0.000427	0.142800	0.142800	0.142800
7.875000	-0.003034	0.001086	-0.006280	0.000000	0.000000	-0.000383	0.000382	0.140420	0.140420	0.140420
7.905000	-0.003166	0.001251	-0.006133	0.000000	0.000000	-0.000346	0.000340	0.138060	0.138060	0.138060
7.935000	-0.003298	0.001408	-0.005976	0.000000	0.000000	-0.000316	0.000300	0.135720	0.135720	0.135720
7.965000	-0.003429	0.001553	-0.005791	0.000000	0.000000	-0.000292	0.000262	0.133400	0.133400	0.133400
7.995000	-0.003555	0.001683	-0.005560	0.000000	0.000000	-0.000277	0.000228	0.131100	0.131100	0.131100
8.025000	-0.003669	0.001798	-0.005279	0.000000	0.000000	-0.000261	0.000195	0.128820	0.128820	0.128820
8.055000	-0.003767	0.001896	-0.004952	0.000000	0.000000	-0.000236	0.000165	0.126560	0.126560	0.126560
8.085000	-0.003843	0.001975	-0.004592	0.000000	0.000000	-0.000194	0.000138	0.124320	0.124320	0.124320
8.115000	-0.003896	0.002030	-0.004210	0.000000	0.000000	-0.000146	0.000113	0.122100	0.122100	0.122100
8.145000	-0.003926	0.002058	-0.003825	0.000000	0.000000	-0.000116	0.000090	0.119900	0.119900	0.119900
8.175000	-0.003937	0.002061	-0.003461	0.000000	0.000000	-0.000108	0.000070	0.117720	0.117720	0.117720
8.205000	-0.003931	0.002046	-0.003131	0.000000	0.000000	-0.000131	0.000053	0.115560	0.115560	0.115560
8.235000	-0.003912	0.002016	-0.002836	0.000000	0.000000	-0.000181	0.000038	0.113420	0.113420	0.113420
8.265000	-0.003882	0.001976	-0.002562	0.000000	0.000000	-0.000235	0.000025	0.111300	0.111300	0.111300
8.295000	-0.003842	0.001928	-0.002286	0.000000	0.000000	-0.000309	0.000015	0.109200	0.109200	0.109200
8.325000	-0.003795	0.001872	-0.001995	0.000000	0.000000	-0.000400	0.000017	0.107120	0.107120	0.107120
8.355000	-0.003738	0.001806	-0.001687	0.000000	0.000000	-0.000504	0.000094	0.105060	0.105060	0.105060
8.385000	-0.003671	0.001727	-0.001376	0.000000	0.000000	-0.000586	0.000169	0.103020	0.103020	0.103020
8.415000	-0.003591	0.001640	-0.001086	0.000000	0.000000	-0.000642	0.000243	0.101000	0.101000	0.101000
8.445000	-0.003498	0.001546	-0.000839	0.000000	0.000000	-0.000676	0.000315	0.099000	0.099000	0.099000
8.475000	-0.003394	0.001450	-0.000643	0.000000	0.000000	-0.000674	0.000384	0.097020	0.097020	0.097020
8.505000	-0.003284	0.001350	-0.000487	0.000000	0.000000	-0.000651	0.000451	0.095060	0.095060	0.095060
8.535000	-0.003177	0.001240	-0.000352	0.000000	0.000000	-0.000652	0.000516	0.093120	0.093120	0.093120
8.565000	-0.003078	0.001120	-0.000229	0.000000	0.000000	-0.000703	0.000578	0.091200	0.091200	0.091200
8.595000	-0.002992	0.000989	-0.000117	0.000000	0.000000	-0.000785	0.000636	0.089300	0.089300	0.089300
8.625000	-0.002919	0.000856	-0.000024	0.000000	0.000000	-0.000852	0.000692	0.087420	0.087420	0.087420
8.655000	-0.002854	0.000727	0.000041	0.000000	0.000000	-0.000889	0.000744	0.085560	0.085560	0.085560
8.685000	-0.002791	0.000607	0.000083	0.000000	0.000000	-0.000922	0.000793	0.083720	0.083720	0.083720
8.715000	-0.002723	0.000493	0.000111	0.000000	0.000000	-0.000971	0.000839	0.081900	0.081900	0.081900
8.745000	-0.002645	0.000381	0.000129	0.000000	0.000000	-0.001025	0.000881	0.080100	0.080100	0.080100
8.775000	-0.002553	0.000269	0.000133	0.000000	0.000000	-0.001053	0.000919	0.078320	0.078320	0.078320
8.805000	-0.002448	0.000156	0.000116	0.000000	0.000000	-0.001080	0.000954	0.076560	0.076560	0.076560
8.835000	-0.002335	0.000046	0.000073	0.000000	0.000000	-0.001137	0.000985	0.074820	0.074820	0.074820
8.865000	-0.002219	-0.000054	0.000013	0.000000	0.000000	-0.001192	0.001012	0.073100	0.073100	0.073100
8.895000	-0.002108	-0.000137	-0.000051	0.000000	0.000000	-0.001197	0.001035	0.071400	0.071400	0.071400
8.925000	-0.002008	-0.000199	-0.000110	0.000000	0.000000	-0.001150	0.001055	0.069720	0.069720	0.069720
8.955000	-0.001924	-0.000236	-0.000162	0.000000	0.000000	-0.001095	0.001071	0.068060	0.068060	0.068060
8.985000	-0.001858	-0.000251	-0.000207	0.000000	0.000000	-0.001049	0.001083	0.066420	0.066420	0.066420
9.015000	-0.001807	-0.000254	-0.000252	0.000000	0.000000	-0.001003	0.001092	0.064800	0.064800	0.064800
9.045000	-0.001767	-0.000253	-0.000308	0.000000	0.000000	-0.000971	0.001097	0.063200	0.063200	0.063200
9.075000	-0.001734	-0.000254	-0.000388	0.000000	0.000000	-0.000979	0.001099	0.061620	0.061620	0.061620
9.105000	-0.001699	-0.000262	-0.000498	0.000000	0.000000	-0.001018	0.001097	0.060060	0.060060	0.060060
9.135000	-0.001657	-0.000273	-0.000636	0.000000	0.000000	-0.001054	0.001092	0.058520	0.058520	0.058520
9.165000	-0.001606	-0.000281	-0.000793	0.000000	0.000000	-0.001089	0.001084	0.057000	0.057000	0.057000
9.195000	-0.001548	-0.000279	-0.000957	0.000000	0.000000	-0.001135	0.001073	0.055500	0.055500	0.055500
9.225000	-0.001486	-0.000266	-0.001118	0.000000	0.000000	-0.001179	0.001059	0.054020	0.054020	0.054020
9.255000	-0.001428	-0.000241	-0.001271	0.000000	0.000000	-0.001210	0.001043	0.052560	0.052560	0.052560
9.285000	-0.001381	-0.000203	-0.001414	0.000000	0.000000	-0.001223	0.001023	0.051120	0.051120	0.051120
9.315000	-0.001349	-0.000158	-0.001542	0.000000	0.000000	-0.001235	0.001002	0.049700	0.049700	0.049700
9.345000	-0.001333	-0.000108	-0.001652	0.000000	0.000000	-0.001265	0.000978	0.048300	0.048300	0.048300
9.375000	-0.001330	-0.000059	-0.001740	0.000000	0.000000	-0.001291	0.000952	0.046920	0.046920	0.046920
9.405000	-0.001336	-0.000010	-0.001808	0.000000	0.000000	-0.001284	0.000924	0.045560	0.045560	0.045560
9.435000	-0.001346	0.000040	-0.001866	0.000000	0.000000	-0.001246	0.000894	0.044220	0.044220	0.044220
9.465000	-0.001357	0.000092	-0.001919	0.000000	0.000000	-0.001187	0.000863	0.042900	0.042900	0.042900
9.495000	-0.001364	0.000144	-0.001965	0.000000	0.000000	-0.001109	0.000830	0.041600	0.041600	0.041600
9.525000	-0.001369	0.000191	-0.002000	0.000000	0.000000	-0.001023	0.000796	0.040320	0.040320	0.040320
9.555000	-0.001371	0.000228	-0.002022	0.000000	0.000000	-0.000955	0.000761	0.039060	0.039060	0.039060
9.585000	-0.001372	0.000254	-0.002034	0.000000	0.000000	-0.000904	0.000725	0.037820	0.037820	0.037820
9.615000	-0.001373	0.000270	-0.002041	0.000000	0.000000	-0.000859	0.000689	0.036600	0.036600	0.036600
9.645000	-0.001376	0.000278	-0.002037	0.000000	0.000000	-0.000821	0.000652	0.035400	0.035400	0.035400
9.675000	-0.001381	0.000282	-0.002014	0.000000	0.000000	-0.000787	0.000614	0.034220	0.034220	0.034220
9.705000	-0.001391	0.000284	-0.001971	0.000000	0.000000	-0.000740	0.000576	0.033060	0.033060	0.033060
9.735000	-0.001405	0.000290	-0.001913	0.000000	0.000000	-0.000678	0.000538	0.031920	0.031920	0.031920
9.765000	-0.001423	0.000306	-0.001850	0.000000	0.000000	-0.000623	0.000500	0.030800	0.030800	0.030800
9.795000	-0.001444	0.000334	-0.001789	0.000000	0.000000	-0.000574	0.000463	0.029700	0.029700	0.029700
9.825000	-0.001465	0.000375	-0.001729	0.000000	0.000000	-0.000522	0.000425	0.028620	0.028620	0.028620
9.855000	-0.001482	0.000425	-0.001670	0.000000	0.000000	-0.000477	0.000389	0.027560	0.027560	0.027560
9.885000	-0.001492	0.000481	-0.001612	0.000000	0.000000	-0.000439	0.000353	0.026520	0.026520	0.026520
9.915000	-0.001494	0.000535	-0.001553	0.000000	0.000000	-0.000401	0.000317	0.025500	0.025500	0.025500
9.945000	-0.001486	0.000579	-0.001494	0.000000	0.000000	-0.000374	0.000283	0.024500	0.024500	0.024500
9.975000	-0.001473	0.000608	-0.001433	0.000000	0.000000	-0.000383	0.000249	0.023520	0.023520	0.023520
10.005000	-0.001458	0.000621	-0.001370	0.000000	0.000000	-0.000421	0.000216	0.022560	0.022560	0.022560
10.035000	-0.001446	0.000619	-0.001299	0.000000	0.000000	-0.000467	0.000185	0.021620	0.021620	0.021620
10.065000	-0.001438	0.000608	-0.001218	0.000000	0.000000	-0.000499	0.000155	0.020700	0.020700	0.020700
10.095000	-0.001437	0.000589	-0.001123	0.000000	0.000000	-0.000521	0.000126	0.019800	0.019800	0.019800
10.125000	-0.001439	0.000568	-0.001018	0.000000	0.000000	-0.000535	0.000099	0.018920	0.018920	0.018920
10.155000	-0.001443	0.000549	-0.000907	0.000000	0.000000	-0.000538	0.000073	0.018060	0.018060	0.018060
10.185000	-0.001444	0.000535	-0.000796	0.000000	0.000000	-0.000519	0.000048	0.017220	0.017220	0.017220
10.215000	-0.001439	0.000530	-0.000689	0.000000	0.000000	-0.000482	0.000025	0.016400	0.016400	0.016400
10.245000	-0.001427	0.000537	-0.000587	0.000000	0.000000	-0.000443	0.000004	0.015600	0.015600	0.015600
10.275000	-0.001408	0.000555	-0.000492	0.000000	0.000000	-0.000415	-0.000016	0.014820	0.014820	0.014820
10.305000	-0.001385	0.000578	-0.000400	0.000000	0.000000	-0.000402	-0.000034	0.014060	0.014060	0.014060
10.335000	-0.001359	0.000595	-0.000314	0.000000	0.000000	-0.000412	-0.000050	0.013320	0.013320	0.013320
10.365000	-0.001333	0.000595	-0.000234	0.000000	0.000000	-0.000431	-0.000065	0.012600	0.012600	0.012600
10.395000	-0.001305	0.000573	-0.000161	0.000000	0.000000	-0.000445	-0.000078	0.011900	0.011900	0.011900
10.425000	-0.001275	0.000531	-0.000095	0.000000	0.000000	-0.000458	-0.000090	0.011220	0.011220	0.011220
10.455000	-0.001243	0.000479	-0.000030	0.000000	0.000000	-0.000463	-0.000100	0.010560	0.010560	0.010560
10.485000	-0.001211	0.000426	0.000037	0.000000	0.000000	-0.000454	-0.000108	0.009920	0.009920	0.009920
10.515000	-0.001183	0.000382	0.000104	0.000000	0.000000	-0.000439	-0.000114	0.009300	0.009300	0.009300
10.545000	-0.001161	0.000350	0.000175	0.000000	0.000000	-0.000427	-0.000119	0.008700	0.008700	0.008700
10.575000	-0.001143	0.000328	0.000251	0.000000	0.000000	-0.000427	-0.000123	0.008120	0.008120	0.008120
10.605000	-0.001128	0.000310	0.000334	0.000000	0.000000	-0.000438	-0.000125	0.007560	0.007560	0.007560
10.635000	-0.001110	0.000293	0.000424	0.000000	0.000000	-0.000451	-0.000126	0.007020	0.007020	0.007020
10.665000	-0.001086	0.000273	0.000514	0.000000	0.000000	-0.000464	-0.000125	0.006500	0.006500	0.006500
10.695000	-0.001052	0.000251	0.000597	0.000000	0.000000	-0.000485	-0.000123	0.006000	0.006000	0.006000
10.725000	-0.001007	0.000229	0.000666	0.000000	0.000000	-0.000526	-0.000119	0.005520	0.005520	0.005520
10.755000	-0.000955	0.000208	0.000720	0.000000	0.000000	-0.000576	-0.000115	0.005060	0.005060	0.005060
10.785000	-0.000902	0.000187	0.000767	0.000000	0.000000	-0.000607	-0.000109	0.004620	0.004620	0.004620
10.815000	-0.000853	0.000165	0.000814	0.000000	0.000000	-0.000622	-0.000102	0.004200	0.004200	0.004200
10.845000	-0.000815	0.000140	0.000867	0.000000	0.000000	-0.000636	-0.000094	0.003800	0.003800	0.003800
10.875000	-0.000791	0.000108	0.000924	0.000000	0.000000	-0.000648	-0.000085	0.003420	0.003420	0.003420
10.905000	-0.000778	0.000069	0.000976	0.000000	0.000000	-0.000647	-0.000076	0.003060	0.003060	0.003060
10.935000	-0.000772	0.000020	0.001013	0.000000	0.000000	-0.000632	-0.000065	0.002720	0.002720	0.002720
10.965000	-0.000766	-0.000034	0.001027	0.000000	0.000000	-0.000610	-0.000054	0.002400	0.002400	0.002400
10.995000	-0.000754	-0.000087	0.001021	0.000000	0.000000	-0.000604	-0.000043	0.002100	0.002100	0.002100
11.025000	-0.000731	-0.000133	0.000998	0.000000	0.000000	-0.000622	-0.000030	0.001820	0.001820	0.001820
11.055000	-0.000696	-0.000169	0.000963	0.000000	0.000000	-0.000651	-0.000017	0.001560	0.001560	0.001560
11.085000	-0.000651	-0.000195	0.000916	0.000000	0.000000	-0.000671	-0.000004	0.001320	0.001320	0.001320
11.115000	-0.000596	-0.000211	0.000860	0.000000	0.000000	-0.000695	0.000009	0.001100	0.001100	0.001100
11.145000	-0.000533	-0.000216	0.000800	0.000000	0.000000	-0.000742	0.000023	0.000900	0.000900	0.000900
11.175000	-0.000467	-0.000209	0.000745	0.000000	0.000000	-0.000786	0.000037	0.000720	0.000720	0.000720
11.205000	-0.000403	-0.000192	0.000700	0.000000	0.000000	-0.000809	0.000051	0.000560	0.000560	0.000560
11.235000	-0.000345	-0.000169	0.000667	0.000000	0.000000	-0.000827	0.000066	0.000420	0.000420	0.000420
11.265000	-0.000297	-0.000150	0.000637	0.000000	0.000000	-0.000845	0.000080	0.000300	0.000300	0.000300
11.295000	-0.000260	-0.000139	0.000598	0.000000	0.000000	-0.000857	0.000094	0.000200	0.000200	0.000200
11.325000	-0.000232	-0.000135	0.000542	0.000000	0.000000	-0.000859	0.000108	0.000120	0.000120	0.000120
11.355000	-0.000210	-0.000133	0.000472	0.000000	0.000000	-0.000851	0.000122	0.000060	0.000060	0.000060
11.385000	-0.000191	-0.000132	0.000397	0.000000	0.000000	-0.000844	0.000135	0.000020	0.000020	0.000020
11.415000	-0.000175	-0.000131	0.000330	0.000000	0.000000	-0.000831	0.000148	0.000000	0.000000	0.000000
11.445000	-0.000161	-0.000133	0.000280	0.000000	0.000000	-0.000813	0.000161	0.000000	0.000000	0.000000
11.475000	-0.000151	-0.000137	0.000247	0.000000	0.000000	-0.000791	0.000173	0.000000	0.000000	0.000000
11.505000	-0.000146	-0.000140	0.000231	0.000000	0.000000	-0.000766	0.000185	0.000000	0.000000	0.000000
11.535000	-0.000148	-0.000135	0.000221	0.000000	0.000000	-0.000736	0.000197	0.000000	0.000000	0.000000
11.565000	-0.000158	-0.000121	0.000208	0.000000	0.000000	-0.000688	0.000208	0.000000	0.000000	0.000000
11.595000	-0.000176	-0.000100	0.000180	0.000000	0.000000	-0.000620	0.000218	0.000000	0.000000	0.000000
11.625000	-0.000199	-0.000078	0.000138	0.000000	0.000000	-0.000541	0.000228	0.000000	0.000000	0.000000
11.655000	-0.000222	-0.000059	0.000088	0.000000	0.000000	-0.000460	0.000237	0.000000	0.000000	0.000000
11.685000	-0.000242	-0.000046	0.000041	0.000000	0.000000	-0.000391	0.000246	0.000000	0.000000	0.000000
11.715000	-0.000252	-0.000040	0.000003	0.000000	0.000000	-0.000329	0.000253	0.000000	0.000000	0.000000
11.745000	-0.000253	-0.000038	-0.000022	0.000000	0.000000	-0.000259	0.000261	0.000000	0.000000	0.000000
11.775000	-0.000242	-0.000041	-0.000032	0.000000	0.000000	-0.000182	0.000267	0.000000	0.000000	0.000000
11.805000	-0.000223	-0.000049	-0.000028	0.000000	0.000000	-0.000113	0.000273	0.000000	0.000000	0.000000
11.835000	-0.000196	-0.000061	-0.000015	0.000000	0.000000	-0.000070	0.000278	0.000000	0.000000	0.000000
11.865000	-0.000164	-0.000072	0.000002	0.000000	0.000000	-0.000048	0.000282	0.000000	0.000000	0.000000
11.895000	-0.000129	-0.000076	0.000013	0.000000	0.000000	-0.000025	0.000286	0.000000	0.000000	0.000000
11.925000	-0.000097	-0.000072	0.000017	0.000000	0.000000	-0.000003	0.000289	0.000000	0.000000	0.000000
11.955000	-0.000071	-0.000061	0.000014	0.000000	0.000000	0.000005	0.000291	0.000000	0.000000	0.000000
11.985000	-0.000050	-0.000048	0.000008	0.000000	0.000000	0.000000	0.000292	0.000000	0.000000	0.000000
12.015000	0.000000	0.000000	0.000000	0.000000	0.000000	0.000000	0.000293	0.000000	0.000000	0.000000
12.045000	0.000000	0.000000	0.000000	0.000000	0.000000	0.000000	0.000293	0.000000	0.000000	0.000000
12.075000	0.000000	0.000000	0.000000	0.000000	0.000000	0.000000	0.000293	0.000000	0.000000	0.000000
12.105000	0.000000	0.000000	0.000000	0.000000	0.000000	0.000000	0.000292	0.000000	0.000000	0.000000
12.135000	0.000000	0.000000	0.000000	0.000000	0.000000	0.000000	0.000290	0.000000	0.000000	0.000000
12.165000	0.000000	0.000000	0.000000	0.000000	0.000000	0.000000	0.000288	0.000000	0.000000	0.000000
12.195000	0.000000	0.000000	0.000000	0.000000	0.000000	0.000000	0.000285	0.000000	0.000000	0.000000
12.225000	0.000000	0.000000	0.000000	0.000000	0.000000	0.000000	0.000281	0.000000	0.000000	0.000000
12.255000	0.000000	0.000000	0.000000	0.000000	0.000000	0.000000	0.000277	0.000000	0.000000	0.000000
12.285000	0.000000	0.000000	0.000000	0.000000	0.000000	0.000000	0.000273	0.000000	0.000000	0.000000
12.315000	0.000000	0.000000	0.000000	0.000000	0.000000	0.000000	0.000268	0.000000	0.000000	0.000000
12.345000	0.000000	0.000000	0.000000	0.000000	0.000000	0.000000	0.000262	0.000000	0.000000	0.000000
12.375000	0.000000	0.000000	0.000000	0.000000	0.000000	0.000000	0.000257	0.000000	0.000000	0.000000
12.405000	0.000000	0.000000	0.000000	0.000000	0.000000	0.000000	0.000250	0.000000	0.000000	0.000000
12.435000	0.000000	0.000000	0.000000	0.000000	0.000000	0.000000	0.000244	0.000000	0.000000	0.000000
12.465000	0.000000	0.000000	0.000000	0.000000	0.000000	0.000000	0.000237	0.000000	0.000000	0.000000
12.495000	0.000000	0.000000	0.000000	0.000000	0.000000	0.000000	0.000230	0.000000	0.000000	0.000000
12.525000	0.000000	0.000000	0.000000	0.000000	0.000000	0.000000	0.000223	0.000000	0.000000	0.000000
12.555000	0.000000	0.000000	0.000000	0.000000	0.000000	0.000000	0.000215	0.000000	0.000000	0.000000
12.585000	0.000000	0.000000	0.000000	0.000000	0.000000	0.000000	0.000208	0.000000	0.000000	0.000000
12.615000	0.000000	0.000000	0.000000	0.000000	0.000000	0.000000	0.000200	0.000000	0.000000	0.000000
12.645000	0.000000	0.000000	0.000000	0.000000	0.000000	0.000000	0.000192	0.000000	0.000000	0.000000
12.675000	0.000000	0.000000	0.000000	0.000000	0.000000	0.000000	0.000184	0.000000	0.000000	0.000000
12.705000	0.000000	0.000000	0.000000	0.000000	0.000000	0.000000	0.000176	0.000000	0.000000	0.000000
12.735000	0.000000	0.000000	0.000000	0.000000	0.000000	0.000000	0.000168	0.000000	0.000000	0.000000
12.765000	0.000000	0.000000	0.000000	0.000000	0.000000	0.000000	0.000160	0.000000	0.000000	0.000000
12.795000	0.000000	0.000000	0.000000	0.000000	0.000000	0.000000	0.000152	0.000000	0.000000	0.000000
12.825000	0.000000	0.000000	0.000000	0.000000	0.000000	0.000000	0.000144	0.000000	0.000000	0.000000
12.855000	0.000000	0.000000	0.000000	0.000000	0.000000	0.000000	0.000136	0.000000	0.000000	0.000000
12.885000	0.000000	0.000000	0.000000	0.000000	0.000000	0.000000	0.000129	0.000000	0.000000	0.000000
12.915000	0.000000	0.000000	0.000000	0.000000	0.000000	0.000000	0.000121	0.000000	0.000000	0.000000
12.945000	0.000000	0.000000	0.000000	0.000000	0.000000	0.000000	0.000114	0.000000	0.000000	0.000000
12.975000	0.000000	0.000000	0.000000	0.000000	0.000000	0.000000	0.000107	0.000000	0.000000	0.000000
13.005000	0.000000	0.000000	0.000000	0.000000	0.000000	0.000000	0.000100	0.000000	0.000000	0.000000
13.035000	0.000000	0.000000	0.000000	0.000000	0.000000	0.000000	0.000093	0.000000	0.000000	0.000000
13.065000	0.000000	0.000000	0.000000	0.000000	0.000000	0.000000	0.000087	0.000000	0.000000	0.000000
13.095000	0.000000	0.000000	0.000000	0.000000	0.000000	0.000000	0.000080	0.000000	0.000000	0.000000
13.125000	0.000000	0.000000	0.000000	0.000000	0.000000	0.000000	0.000074	0.000000	0.000000	0.000000
13.155000	0.000000	0.000000	0.000000	0.000000	0.000000	0.000000	0.000069	0.000000	0.000000	0.000000
13.185000	0.000000	0.000000	0.000000	0.000000	0.000000	0.000000	0.000063	0.000000	0.000000	0.000000
13.215000	0.000000	0.000000	0.000000	0.000000	0.000000	0.000000	0.000058	0.000000	0.000000	0.000000
13.245000	0.000000	0.000000	0.000000	0.000000	0.000000	0.000000	0.000054	0.000000	0.000000	0.000000
13.275000	0.000000	0.000000	0.000000	0.000000	0.000000	0.000000	0.000049	0.000000	0.000000	0.000000
13.305000	0.000000	0.000000	0.000000	0.000000	0.000000	0.000000	0.000045	0.000000	0.000000	0.000000
13.335000	0.000000	0.000000	0.000000	0.000000	0.000000	0.000000	0.000041	0.000000	0.000000	0.000000
13.365000	0.000000	0.000000	0.000000	0.000000	0.000000	0.000000	0.000038	0.000000	0.000000	0.000000
13.395000	0.000000	0.000000	0.000000	0.000000	0.000000	0.000000	0.000035	0.000000	0.000000	0.000000
13.425000	0.000000	0.000000	0.000000	0.000000	0.000000	0.000000	0.000032	0.000000	0.000000	0.000000
13.455000	0.000000	0.000000	0.000000	0.000000	0.000000	0.000000	0.000029	0.000000	0.000000	0.000000
13.485000	0.000000	0.000000	0.000000	0.000000	0.000000	0.000000	0.000027	0.000000	0.000000	0.000000
13.515000	0.000000	0.000000	0.000000	0.000000	0.000000	0.000000	0.000025	0.000000	0.000000	0.000000
13.545000	0.000000	0.000000	0.000000	0.000000	0.000000	0.000000	0.000024	0.000000	0.000000	0.000000
13.575000	0.000000	0.000000	0.000000	0.000000	0.000000	0.000000	0.000022	0.000000	0.000000	0.000000
13.605000	0.000000	0.000000	0.000000	0.000000	0.000000	0.000000	0.000021	0.000000	0.000000	0.000000
13.635000	0.000000	0.000000	0.000000	0.000000	0.000000	0.000000	0.000020	0.000000	0.000000	0.000000
13.665000	0.000000	0.000000	0.000000	0.000000	0.000000	0.000000	0.000020	0.000000	0.000000	0.000000
13.695000	0.000000	0.000000	0.000000	0.000000	0.000000	0.000000	0.000020	0.000000	0.000000	0.000000
13.725000	0.000000	0.000000	0.000000	0.000000	0.000000	0.000000	0.000020	0.000000	0.000000	0.000000
13.755000	0.000000	0.000000	0.000000	0.000000	0.000000	0.000000	0.000020	0.000000	0.000000	0.000000
13.785000	0.000000	0.000000	0.000000	0.000000	0.000000	0.000000	0.000021	0.000000	0.000000	0.000000
13.815000	0.000000	0.000000	0.000000	0.000000	0.000000	0.000000	0.000021	0.000000	0.000000	0.000000
13.845000	0.000000	0.000000	0.000000	0.000000	0.000000	0.000000	0.000022	0.000000	0.000000	0.000000
13.875000	0.000000	0.000000	0.000000	0.000000	0.000000	0.000000	0.000023	0.000000	0.000000	0.000000
13.905000	0.000000	0.000000	0.000000	0.000000	0.000000	0.000000	0.000025	0.000000	0.000000	0.000000
13.935000	0.000000	0.000000	0.000000	0.000000	0.000000	0.000000	0.000026	0.000000	0.000000	0.000000
13.965000	0.000000	0.000000	0.000000	0.000000	0.000000	0.000000	0.000028	0.000000	0.000000	0.000000
13.995000	0.000000	0.000000	0.000000	0.000000	0.000000	0.000000	0.000029	0.000000	0.000000	0.000000
14.025000	0.000000	0.000000	0.000000	0.000000	0.000000	0.000000	0.000031	0.000000	0.000000	0.000000
14.055000	0.000000	0.000000	0.000000	0.000000	0.000000	0.000000	0.000033	0.000000	0.000000	0.000000
14.085000	0.000000	0.000000	0.000000	0.000000	0.000000	0.000000	0.000035	0.000000	0.000000	0.000000
14.115000	0.000000	0.000000	0.000000	0.000000	0.000000	0.000000	0.000037	0.000000	0.000000	0.000000
14.145000	0.000000	0.000000	0.000000	0.000000	0.000000	0.000000	0.000039	0.000000	0.000000	0.000000
14.175000	0.000000	0.000000	0.000000	0.000000	0.000000	0.000000	0.000041	0.000000	0.000000	0.000000
14.205000	0.000000	0.000000	0.000000	0.000000	0.000000	0.000000	0.000043	0.000000	0.000000	0.000000
14.235000	0.000000	0.000000	0.000000	0.000000	0.000000	0.000000	0.000046	0.000000	0.000000	0.000000
14.265000	0.000000	0.000000	0.000000	0.000000	0.000000	0.000000	0.000048	0.000000	0.000000	0.000000
14.295000	0.000000	0.000000	0.000000	0.000000	0.000000	0.000000	0.000050	0.000000	0.000000	0.000000
14.325000	0.000000	0.000000	0.000000	0.000000	0.000000	0.000000	0.000052	0.000000	0.000000	0.000000
14.355000	0.000000	0.000000	0.000000	0.000000	0.000000	0.000000	0.000054	0.000000	0.000000	0.000000
14.385000	0.000000	0.000000	0.000000	0.000000	0.000000	0.000000	0.000056	0.000000	0.000000	0.000000
14.415000	0.000000	0.000000	0.000000	0.000000	0.000000	0.000000	0.000058	0.000000	0.000000	0.000000
14.445000	0.000000	0.000000	0.000000	0.000000	0.000000	0.000000	0.000060	0.000000	0.000000	0.000000
14.475000	0.000000	0.000000	0.000000	0.000000	0.000000	0.000000	0.000062	0.000000	0.000000	0.000000
14.505000	0.000000	0.000000	0.000000	0.000000	0.000000	0.000000	0.000064	0.000000	0.000000	0.000000
14.535000	0.000000	0.000000	0.000000	0.000000	0.000000	0.000000	0.000066	0.000000	0.000000	0.000000
14.565000	0.000000	0.000000	0.000000	0.000000	0.000000	0.000000	0.000067	0.000000	0.000000	0.000000
14.595000	0.000000	0.000000	0.000000	0.000000	0.000000	0.000000	0.000069	0.000000	0.000000	0.000000
14.625000	0.000000	0.000000	0.000000	0.000000	0.000000	0.000000	0.000070	0.000000	0.000000	0.000000
14.655000	0.000000	0.000000	0.000000	0.000000	0.000000	0.000000	0.000071	0.000000	0.000000	0.000000
14.685000	0.000000	0.000000	0.000000	0.000000	0.000000	0.000000	0.000072	0.000000	0.000000	0.000000
14.715000	0.000000	0.000000	0.000000	0.000000	0.000000	0.000000	0.000073	0.000000	0.000000	0.000000
14.745000	0.000000	0.000000	0.000000	0.000000	0.000000	0.000000	0.000074	0.000000	0.000000	0.000000
14.775000	0.000000	0.000000	0.000000	0.000000	0.000000	0.000000	0.000075	0.000000	0.000000	0.000000
14.805000	0.000000	0.000000	0.000000	0.000000	0.000000	0.000000	0.000076	0.000000	0.000000	0.000000
14.835000	0.000000	0.000000	0.000000	0.000000	0.000000	0.000000	0.000076	0.000000	0.000000	0.000000
14.865000	0.000000	0.000000	0.000000	0.000000	0.000000	0.000000	0.000077	0.000000	0.000000	0.000000
14.895000	0.000000	0.000000	0.000000	0.000000	0.000000	0.000000	0.000077	0.000000	0.000000	0.000000
14.925000	0.000000	0.000000	0.000000	0.000000	0.000000	0.000000	0.000077	0.000000	0.000000	0.000000
14.955000	0.000000	0.000000	0.000000	0.000000	0.000000	0.000000	0.000077	0.000000	0.000000	0.000000
14.985000	0.000000	0.000000	0.000000	0.000000	0.000000	0.000000	0.000077	0.000000	0.000000	0.000000
15.015000	0.000000	0.000000	0.000000	0.000000	0.000000	0.000000	0.000076	0.000000	0.000000	0.000000
15.045000	0.000000	0.000000	0.000000	0.000000	0.000000	0.000000	0.000076	0.000000	0.000000	0.000000
15.075000	0.000000	0.000000	0.000000	0.000000	0.000000	0.000000	0.000075	0.000000	0.000000	0.000000
15.105000	0.000000	0.000000	0.000000	0.000000	0.000000	0.000000	0.000075	0.000000	0.000000	0.000000
15.135000	0.000000	0.000000	0.000000	0.000000	0.000000	0.000000	0.000074	0.000000	0.000000	0.000000
15.165000	0.000000	0.000000	0.000000	0.000000	0.000000	0.000000	0.000073	0.000000	0.000000	0.000000
15.195000	0.000000	0.000000	0.000000	0.000000	0.000000	0.000000	0.000072	0.000000	0.000000	0.000000
15.225000	0.000000	0.000000	0.000000	0.000000	0.000000	0.000000	0.000071	0.000000	0.000000	0.000000
15.255000	0.000000	0.000000	0.000000	0.000000	0.000000	0.000000	0.000070	0.000000	0.000000	0.000000
15.285000	0.000000	0.000000	0.000000	0.000000	0.000000	0.000000	0.000068	0.000000	0.000000	0.000000
15.315000	0.000000	0.000000	0.000000	0.000000	0.000000	0.000000	0.000067	0.000000	0.000000	0.000000
15.345000	0.000000	0.000000	0.000000	0.000000	0.000000	0.000000	0.000065	0.000000	0.000000	0.000000
15.375000	0.000000	0.000000	0.000000	0.000000	0.000000	0.000000	0.000064	0.000000	0.000000	0.000000
15.405000	0.000000	0.000000	0.000000	0.000000	0.000000	0.000000	0.000062	0.000000	0.000000	0.000000
15.435000	0.000000	0.000000	0.000000	0.000000	0.000000	0.000000	0.000061	0.000000	0.000000	0.000000
15.465000	0.000000	0.000000	0.000000	0.000000	0.000000	0.000000	0.000059	0.000000	0.000000	0.000000
15.495000	0.000000	0.000000	0.000000	0.000000	0.000000	0.000000	0.000057	0.000000	0.000000	0.000000
15.525000	0.000000	0.000000	0.000000	0.000000	0.000000	0.000000	0.000055	0.000000	0.000000	0.000000
15.555000	0.000000	0.000000	0.000000	0.000000	0.000000	0.000000	0.000053	0.000000	0.000000	0.000000
15.585000	0.000000	0.000000	0.000000	0.000000	0.000000	0.000000	0.000052	0.000000	0.000000	0.000000
15.615000	0.000000	0.000000	0.000000	0.000000	0.000000	0.000000	0.000050	0.000000	0.000000	0.000000
15.645000	0.000000	0.000000	0.000000	0.000000	0.000000	0.000000	0.000048	0.000000	0.000000	0.000000
15.675000	0.000000	0.000000	0.000000	0.000000	0.000000	0.000000	0.000046	0.000000	0.000000	0.000000
15.705000	0.000000	0.000000	0.000000	0.000000	0.000000	0.000000	0.000044	0.000000	0.000000	0.000000
15.735000	0.000000	0.000000	0.000000	0.000000	0.000000	0.000000	0.000042	0.000000	0.000000	0.000000
15.765000	0.000000	0.000000	0.000000	0.000000	0.000000	0.000000	0.000040	0.000000	0.000000	0.000000
15.795000	0.000000	0.000000	0.000000	0.000000	0.000000	0.000000	0.000038	0.000000	0.000000	0.000000
15.825000	0.000000	0.000000	0.000000	0.000000	0.000000	0.000000	0.000036	0.000000	0.000000	0.000000
15.855000	0.000000	0.000000	0.000000	0.000000	0.000000	0.000000	0.000034	0.000000	0.000000	0.000000
15.885000	0.000000	0.000000	0.000000	0.000000	0.000000	0.000000	0.000032	0.000000	0.000000	0.000000
15.915000	0.000000	0.000000	0.000000	0.000000	0.000000	0.000000	0.000031	0.000000	0.000000	0.000000
15.945000	0.000000	0.000000	0.000000	0.000000	0.000000	0.000000	0.000029	0.000000	0.000000	0.000000
15.975000	0.000000	0.000000	0.000000	0.000000	0.000000	0.000000	0.000027	0.000000	0.000000	0.000000
16.005000	0.000000	0.000000	0.000000	0.000000	0.000000	0.000000	0.000025	0.000000	0.000000	0.000000
16.035000	0.000000	0.000000	0.000000	0.000000	0.000000	0.000000	0.000024	0.000000	0.000000	0.000000
16.065000	0.000000	0.000000	0.000000	0.000000	0.000000	0.000000	0.000022	0.000000	0.000000	0.000000
16.095000	0.000000	0.000000	0.000000	0.000000	0.000000	0.000000	0.000020	0.000000	0.000000	0.000000
16.125000	0.000000	0.000000	0.000000	0.000000	0.000000	0.000000	0.000019	0.000000	0.000000	0.000000
16.155000	0.000000	0.000000	0.000000	0.000000	0.000000	0.000000	0.000017	0.000000	0.000000	0.000000
16.185000	0.000000	0.000000	0.000000	0.000000	0.000000	0.000000	0.000016	0.000000	0.000000	0.000000
16.215000	0.000000	0.000000	0.000000	0.000000	0.000000	0.000000	0.000015	0.000000	0.000000	0.000000
16.245000	0.000000	0.000000	0.000000	0.000000	0.000000	0.000000	0.000013	0.000000	0.000000	0.000000
16.275000	0.000000	0.000000	0.000000	0.000000	0.000000	0.000000	0.000012	0.000000	0.000000	0.000000
16.305000	0.000000	0.000000	0.000000	0.000000	0.000000	0.000000	0.000011	0.000000	0.000000	0.000000
16.335000	0.000000	0.000000	0.000000	0.000000	0.000000	0.000000	0.000010	0.000000	0.000000	0.000000
16.365000	0.000000	0.000000	0.000000	0.000000	0.000000	0.000000	0.000009	0.000000	0.000000	0.000000
16.395000	0.000000	0.000000	0.000000	0.000000	0.000000	0.000000	0.000008	0.000000	0.000000	0.000000
16.425000	0.000000	0.000000	0.000000	0.000000	0.000000	0.000000	0.000007	0.000000	0.000000	0.000000
16.455000	0.000000	0.000000	0.000000	0.000000	0.000000	0.000000	0.000006	0.000000	0.000000	0.000000
16.485000	0.000000	0.000000	0.000000	0.000000	0.000000	0.000000	0.000005	0.000000	0.000000	0.000000
16.515000	0.000000	0.000000	0.000000	0.000000	0.000000	0.000000	0.000005	0.000000	0.000000	0.000000
16.545000	0.000000	0.000000	0.000000	0.000000	0.000000	0.000000	0.000004	0.000000	0.000000	0.000000
16.575000	0.000000	0.000000	0.000000	0.000000	0.000000	0.000000	0.000003	0.000000	0.000000	0.000000
16.605000	0.000000	0.000000	0.000000	0.000000	0.000000	0.000000	0.000003	0.000000	0.000000	0.000000
16.635000	0.000000	0.000000	0.000000	0.000000	0.000000	0.000000	0.000002	0.000000	0.000000	0.000000
16.665000	0.000000	0.000000	0.000000	0.000000	0.000000	0.000000	0.000002	0.000000	0.000000	0.000000
16.695000	0.000000	0.000000	0.000000	0.000000	0.000000	0.000000	0.000002	0.000000	0.000000	0.000000
16.725000	0.000000	0.000000	0.000000	0.000000	0.000000	0.000000	0.000001	0.000000	0.000000	0.000000
16.755000	0.000000	0.000000	0.000000	0.000000	0.000000	0.000000	0.000001	0.000000	0.000000	0.000000
16.785000	0.000000	0.000000	0.000000	0.000000	0.000000	0.000000	0.000001	0.000000	0.000000	0.000000
16.815000	0.000000	0.000000	0.000000	0.000000	0.000000	0.000000	0.000001	0.000000	0.000000	0.000000
16.845000	0.000000	0.000000	0.000000	0.000000	0.000000	0.000000	0.000001	0.000000	0.000000	0.000000
16.875000	0.000000	0.000000	0.000000	0.000000	0.000000	0.000000	0.000000	0.000000	0.000000	0.000000
16.905000	0.000000	0.000000	0.000000	0.000000	0.000000	0.000000	0.000000	0.000000	0.000000	0.000000
16.935000	0.000000	0.000000	0.000000	0.000000	0.000000	0.000000	0.000000	0.000000	0.000000	0.000000
16.965000	0.000000	0.000000	0.000000	0.000000	0.000000	0.000000	0.000000	0.000000	0.000000	0.000000
16.995000	0.000000	0.000000	0.000000	0.000000	0.000000	0.000000	0.000000	0.000000	0.000000	0.000000
17.025000	0.000000	0.000000	0.000000	0.000000	0.000000	0.000000	0.000000	0.000000	0.000000	0.000000
17.055000	0.000000	0.000000	0.000000	0.000000	0.000000	0.000000	0.000000	0.000000	0.000000	0.000000
17.085000	0.000000	0.000000	0.000000	0.000000	0.000000	0.000000	0.000000	0.000000	0.000000	0.000000
17.115000	0.000000	0.000000	0.000000	0.000000	0.000000	0.000000	0.000001	0.000000	0.000000	0.000000
17.145000	0.000000	0.000000	0.000000	0.000000	0.000000	0.000000	0.000001	0.000000	0.000000	0.000000
17.175000	0.000000	0.000000	0.000000	0.000000	0.000000	0.000000	0.000001	0.000000	0.000000	0.000000
17.205000	0.000000	0.000000	0.000000	0.000000	0.000000	0.000000	0.000001	0.000000	0.000000	0.000000
17.235000	0.000000	0.000000	0.000000	0.000000	0.000000	0.000000	0.000001	0.000000	0.000000	0.000000
17.265000	0.000000	0.000000	0.000000	0.000000	0.000000	0.000000	0.000001	0.000000	0.000000	0.000000
17.295000	0.000000	0.000000	0.000000	0.000000	0.000000	0.000000	0.000001	0.000000	0.000000	0.000000
17.325000	0.000000	0.000000	0.000000	0.000000	0.000000	0.000000	0.000001	0.000000	0.000000	0.000000
17.355000	0.000000	0.000000	0.000000	0.000000	0.000000	0.000000	0.000001	0.000000	0.000000	0.000000
17.385000	0.000000	0.000000	0.000000	0.000000	0.000000	0.000000	0.000002	0.000000	0.000000	0.000000
17.415000	0.000000	0.000000	0.000000	0.000000	0.000000	0.000000	0.000002	0.000000	0.000000	0.000000
17.445000	0.000000	0.000000	0.000000	0.000000	0.000000	0.000000	0.000002	0.000000	0.000000	0.000000
17.475000	0.000000	0.000000	0.000000	0.000000	0.000000	0.000000	0.000002	0.000000	0.000000	0.000000
17.505000	0.000000	0.000000	0.000000	0.000000	0.000000	0.000000	0.000002	0.000000	0.000000	0.000000
17.535000	0.000000	0.000000	0.000000	0.000000	0.000000	0.000000	0.000002	0.000000	0.000000	0.000000
17.565000	0.000000	0.000000	0.000000	0.000000	0.000000	0.000000	0.000002	0.000000	0.000000	0.000000
17.595000	0.000000	0.000000	0.000000	0.000000	0.000000	0.000000	0.000002	0.000000	0.000000	0.000000
17.625000	0.000000	0.000000	0.000000	0.000000	0.000000	0.000000	0.000002	0.000000	0.000000	0.000000
17.655000	0.000000	0.000000	0.000000	0.000000	0.000000	0.000000	0.000002	0.000000	0.000000	0.000000
17.685000	0.000000	0.000000	0.000000	0.000000	0.000000	0.000000	0.000002	0.000000	0.000000	0.000000
17.715000	0.000000	0.000000	0.000000	0.000000	0.000000	0.000000	0.000002	0.000000	0.000000	0.000000
17.745000	0.000000	0.000000	0.000000	0.000000	0.000000	0.000000	0.000002	0.000000	0.000000	0.000000
17.775000	0.000000	0.000000	0.000000	0.000000	0.000000	0.000000	0.000002	0.000000	0.000000	0.000000
17.805000	0.000000	0.000000	0.000000	0.000000	0.000000	0.000000	0.000001	0.000000	0.000000	0.000000
17.835000	0.000000	0.000000	0.000000	0.000000	0.000000	0.000000	0.000001	0.000000	0.000000	0.000000
17.865000	0.000000	0.000000	0.000000	0.000000	0.000000	0.000000	0.000001	0.000000	0.000000	0.000000
17.895000	0.000000	0.000000	0.000000	0.000000	0.000000	0.000000	0.000001	0.000000	0.000000	0.000000
17.925000	0.000000	0.000000	0.000000	0.000000	0.000000	0.000000	0.000001	0.000000	0.000000	0.000000
17.955000	0.000000	0.000000	0.000000	0.000000	0.000000	0.000000	0.000000	0.000000	0.000000	0.000000
17.985000	0.000000	0.000000	0.000000	0.000000	0.000000	0.000000	0.000000	0.000000	0.000000	0.000000